07 00 
80 03 
11 0a 
07 01 
10 0c 
07 1ff 
80 04 
12 1c 
a1 01 
88 04 
80 02 
a0 05 
88 02 
10 0c 
04 00 
11 24 
04 00 
10 2a 
00 00 
a1 01 
08 1ff 
14 00 
07 00 
80 04 
11 36 
07 01 
10 3e 
00 00 
a1 04 
88 04 
07 1ff 
80 04 
11 44 
10 50 
00 00 
a1 04 
88 04 
00 00 
a1 01 
88 01 
80 05 
a1 04 
11 60 
88 05 
80 02 
a0 01 
88 02 
10 50 
08 1ff 
04 00 
14 00 
80 03 
11 6e 
07 01 
10 76 
00 00 
a1 03 
88 03 
07 1ff 
80 03 
11 7c 
10 82 
00 00 
a1 03 
88 03 
80 04 
a1 03 
11 8a 
10 84 
a0 03 
05 00 
80 02 
11 98 
04 00 
08 1ff 
10 9e 
00 00 
a1 01 
08 1fe 
14 00 
d0 02 
12 ae 
d2 02 
80 02 
20 01 
88 02 
10 a0 
14 00 

